2022-01-06 20:42:50; 52,300; 22,80; 984,17; 244,97;  22,600
2022-01-06 20:43:00; 52,200; 22,80; 984,17; 244,97;  22,500
2022-01-06 20:43:10; 52,200; 22,80; 984,20; 244,71;  22,500
2022-01-06 00:00:00; 52,200; 22,50; 984,18; 244,88;  22,500
2022-01-06 00:00:00; 52,900; 22,50; 984,24; 244,37;  22,400
2022-01-06 00:00:00; 52,900; 22,50; 984,21; 244,63;  22,400
2022-01-06 00:00:00; 53,100; 22,50; 984,21; 244,63;  22,500
2022-01-06 00:00:00; 53,100; 22,50; 984,24; 244,37;  22,500
2022-01-06 00:00:00; 53,100; 22,50; 984,15; 245,14;  22,500
2022-01-06 00:00:00; 53,100; 22,50; 984,18; 244,88;  22,500
2022-01-06 00:00:00; 52,800; 22,50; 984,21; 244,63;  22,400
2022-01-06 00:00:00; 52,800; 22,50; 984,27; 244,12;  22,400
2022-01-06 00:00:00; 52,700; 22,50; 984,30; 243,86;  22,500
2022-01-06 00:00:00; 52,700; 22,50; 984,15; 245,14;  22,500
2022-01-06 00:00:00; 52,700; 22,50; 984,18; 244,88;  22,500
2022-01-06 00:00:00; 52,500; 22,50; 984,09; 245,65;  22,500
2022-01-06 00:00:00; 52,500; 22,50; 984,21; 244,63;  22,500
2022-01-06 00:00:00; 52,500; 22,50; 984,21; 244,63;  22,500
2022-01-06 00:00:00; 52,400; 22,50; 984,24; 244,37;  22,500
2022-01-06 00:00:00; 52,400; 22,50; 984,27; 244,12;  22,500
2022-01-06 00:00:00; 52,400; 22,50; 984,21; 244,63;  22,500
2022-01-06 00:00:00; 52,300; 22,60; 984,18; 244,88;  22,500
2022-01-06 00:00:00; 52,300; 22,50; 984,21; 244,63;  22,500
2022-01-06 00:00:00; 52,300; 22,50; 984,27; 244,12;  22,500
2022-01-06 00:00:00; 52,200; 22,50; 984,15; 245,14;  22,400
2022-01-06 00:00:00; 52,200; 22,50; 984,18; 244,88;  22,400
2022-01-06 00:00:00; 52,200; 22,50; 984,21; 244,63;  22,400
2022-01-06 00:00:00; 52,400; 22,60; 984,15; 245,14;  22,500
2022-01-06 00:00:00; 52,400; 22,50; 984,15; 245,14;  22,500
2022-01-06 00:00:00; 52,400; 22,50; 984,33; 243,60;  22,500
2022-01-06 00:00:00; 52,400; 22,50; 984,27; 244,12;  22,500
2022-01-06 00:00:00; 52,400; 22,50; 984,18; 244,88;  22,500
2022-01-06 00:00:00; 52,400; 22,60; 984,27; 244,12;  22,500
2022-01-06 20:44:40; 52,900; 23,20; 984,06; 245,91;  22,600
2022-01-06 20:44:40; 52,900; 23,30; 984,09; 245,65;  22,600
2022-01-06 20:44:50; 52,600; 23,50; 984,15; 245,14;  22,600
2022-01-06 20:44:50; 52,600; 23,50; 984,08; 245,74;  22,600
2022-01-06 20:45:00; 52,400; 23,40; 984,09; 245,65;  22,600
2022-01-06 20:45:00; 52,400; 23,40; 984,02; 246,25;  22,600
2022-01-06 20:45:10; 51,700; 23,40; 984,18; 244,88;  22,700
2022-01-06 20:45:10; 51,700; 23,40; 984,24; 244,37;  22,700
2022-01-06 20:45:20; 51,400; 23,30; 984,12; 245,39;  22,600
2022-01-06 20:45:20; 51,400; 23,30; 984,09; 245,65;  22,600
2022-01-06 20:45:30; 51,500; 23,30; 984,06; 245,91;  22,700
2022-01-06 20:45:30; 51,500; 23,20; 984,09; 245,65;  22,700
2022-01-06 20:45:40; 51,300; 23,20; 984,09; 245,65;  22,700
2022-01-06 20:45:40; 51,300; 23,20; 984,13; 245,31;  22,700
2022-01-06 20:45:50; 51,400; 23,10; 984,13; 245,31;  22,700
2022-01-06 20:45:50; 51,400; 23,10; 984,10; 245,57;  22,700
2022-01-06 20:46:00; 51,300; 23,10; 984,07; 245,82;  22,600
2022-01-06 20:46:00; 51,300; 23,10; 984,07; 245,82;  22,600
2022-01-06 20:46:10; 51,400; 23,00; 984,10; 245,57;  22,600
2022-01-06 20:46:10; 51,400; 23,00; 984,10; 245,57;  22,600
2022-01-06 20:46:20; 51,400; 22,90; 984,04; 246,08;  22,600
2022-01-06 20:46:20; 51,400; 22,90; 984,10; 245,57;  22,600
2022-01-06 20:46:30; 51,300; 22,90; 984,14; 245,22;  22,600
2022-01-06 20:46:30; 51,300; 22,90; 984,20; 244,71;  22,600
2022-01-06 20:46:40; 51,500; 22,80; 984,14; 245,22;  22,700
2022-01-06 20:46:40; 51,500; 22,80; 984,01; 246,33;  22,700
2022-01-06 20:46:50; 51,500; 22,80; 984,11; 245,48;  22,600
2022-01-06 20:46:50; 51,500; 22,80; 984,20; 244,71;  22,600
2022-01-06 20:47:00; 51,400; 22,80; 984,14; 245,22;  22,600
2022-01-06 20:47:00; 51,400; 22,80; 984,01; 246,33;  22,600
2022-01-06 20:47:10; 51,500; 22,70; 984,11; 245,48;  22,600
2022-01-06 20:47:10; 51,500; 22,70; 984,14; 245,22;  22,600
2022-01-06 20:47:20; 51,300; 22,70; 984,08; 245,74;  22,600
2022-01-06 20:47:20; 51,300; 22,70; 984,11; 245,48;  22,600
2022-01-06 20:47:30; 51,400; 22,70; 984,08; 245,74;  22,600
2022-01-06 20:47:30; 51,400; 22,70; 984,21; 244,63;  22,600
2022-01-06 20:47:40; 51,400; 22,60; 984,08; 245,74;  22,600
2022-01-06 20:47:40; 51,400; 22,60; 984,18; 244,88;  22,600
2022-01-06 20:47:50; 51,400; 22,60; 984,08; 245,74;  22,600
2022-01-06 20:47:50; 51,400; 22,60; 984,02; 246,25;  22,600
2022-01-06 20:48:00; 51,500; 22,60; 984,08; 245,74;  22,600
2022-01-06 20:48:00; 51,500; 22,50; 984,15; 245,14;  22,600
2022-01-06 20:48:10; 51,500; 22,50; 984,05; 245,99;  22,600
2022-01-06 20:48:10; 51,500; 22,50; 983,99; 246,50;  22,600
2022-01-06 20:48:20; 51,500; 22,50; 983,99; 246,50;  22,600
2022-01-06 20:48:20; 51,500; 22,50; 984,15; 245,14;  22,600
2022-01-06 20:48:30; 51,500; 22,50; 983,99; 246,50;  22,600
2022-01-06 20:48:30; 51,500; 22,50; 984,02; 246,25;  22,600
2022-01-06 20:48:40; 51,500; 22,50; 983,99; 246,50;  22,600
2022-01-06 20:48:40; 51,500; 22,50; 983,99; 246,50;  22,600
2022-01-06 20:48:50; 51,500; 22,50; 984,06; 245,91;  22,600
2022-01-06 20:48:50; 51,500; 22,50; 984,09; 245,65;  22,600
2022-01-06 20:49:00; 51,500; 22,50; 983,99; 246,50;  22,500
2022-01-06 20:49:10; 51,500; 22,40; 983,96; 246,76;  22,600
2022-01-06 20:49:20; 51,500; 22,40; 984,21; 244,63;  22,600
2022-01-06 20:49:30; 51,500; 22,40; 984,06; 245,91;  22,600
2022-01-06 20:49:30; 51,500; 22,40; 984,18; 244,88;  22,600
2022-01-06 20:49:40; 51,600; 22,40; 984,06; 245,91;  22,500
2022-01-06 20:49:40; 51,600; 22,40; 984,03; 246,16;  22,500
2022-01-06 20:49:50; 51,600; 22,40; 984,09; 245,65;  22,600
2022-01-06 20:49:50; 51,600; 22,40; 984,06; 245,91;  22,600
2022-01-06 20:50:00; 51,600; 22,40; 984,15; 245,14;  22,500
2022-01-06 20:50:00; 51,600; 22,40; 984,12; 245,39;  22,500
2022-01-06 20:50:10; 51,600; 22,40; 984,21; 244,63;  22,600
2022-01-06 20:50:10; 51,600; 22,40; 984,03; 246,16;  22,600
2022-01-06 20:50:20; 51,600; 22,40; 984,03; 246,16;  22,600
2022-01-06 20:50:20; 51,600; 22,40; 984,00; 246,42;  22,600
2022-01-06 20:50:30; 51,600; 22,40; 984,06; 245,91;  22,500
2022-01-06 20:50:30; 51,600; 22,40; 984,03; 246,16;  22,500
2022-01-06 20:50:40; 51,700; 22,40; 984,12; 245,39;  22,500
2022-01-06 20:50:40; 51,700; 22,40; 984,09; 245,65;  22,500
2022-01-06 20:50:50; 51,600; 22,40; 983,96; 246,76;  22,600
2022-01-06 20:50:50; 51,600; 22,40; 984,06; 245,91;  22,600
2022-01-06 20:51:00; 51,700; 22,40; 984,06; 245,91;  22,500
2022-01-06 20:51:00; 51,700; 22,40; 984,03; 246,16;  22,500
2022-01-06 20:51:10; 51,600; 22,40; 984,06; 245,91;  22,500
2022-01-06 20:51:10; 51,600; 22,40; 984,03; 246,16;  22,500
2022-01-06 20:51:20; 51,600; 22,40; 984,12; 245,39;  22,600
2022-01-06 20:51:20; 51,600; 22,40; 984,03; 246,16;  22,600
2022-01-06 20:51:30; 51,600; 22,40; 984,15; 245,14;  22,500
2022-01-06 20:51:30; 51,600; 22,40; 984,12; 245,39;  22,500
2022-01-06 20:51:40; 51,700; 22,40; 984,06; 245,91;  22,500
2022-01-06 20:51:40; 51,700; 22,40; 984,06; 245,91;  22,500
2022-01-06 20:51:50; 51,600; 22,40; 984,03; 246,16;  22,500
2022-01-06 20:51:50; 51,600; 22,40; 984,06; 245,91;  22,500
2022-01-06 20:52:00; 51,600; 22,40; 984,15; 245,14;  22,500
2022-01-06 20:52:00; 51,600; 22,30; 984,00; 246,42;  22,500
2022-01-06 20:52:10; 51,700; 22,30; 984,09; 245,65;  22,500
2022-01-06 20:52:10; 51,700; 22,30; 984,09; 245,65;  22,500
2022-01-06 20:52:20; 51,700; 22,30; 984,06; 245,91;  22,500
2022-01-06 20:52:20; 51,700; 22,30; 984,12; 245,39;  22,500
2022-01-06 20:52:30; 51,700; 22,30; 984,09; 245,65;  22,500
2022-01-06 20:52:30; 51,700; 22,30; 984,09; 245,65;  22,500
2022-01-06 20:52:40; 51,600; 22,30; 984,19; 244,80;  22,500
2022-01-06 20:52:40; 51,600; 22,30; 984,12; 245,39;  22,500
2022-01-06 20:52:50; 51,700; 22,30; 984,15; 245,14;  22,500
2022-01-06 20:52:50; 51,700; 22,30; 984,19; 244,80;  22,500
2022-01-06 20:53:00; 51,700; 22,30; 984,19; 244,80;  22,500
2022-01-06 20:53:00; 51,700; 22,30; 984,15; 245,14;  22,500
2022-01-06 20:53:10; 51,800; 22,30; 984,19; 244,80;  22,500
2022-01-06 20:53:10; 51,800; 22,30; 984,09; 245,65;  22,500
2022-01-06 20:53:20; 51,800; 22,30; 984,15; 245,14;  22,500
2022-01-06 20:53:20; 51,800; 22,30; 984,15; 245,14;  22,500
2022-01-06 20:53:30; 51,700; 22,30; 984,15; 245,14;  22,500
2022-01-06 20:53:30; 51,700; 22,30; 984,15; 245,14;  22,500
2022-01-06 20:53:40; 51,700; 22,30; 984,15; 245,14;  22,500
2022-01-06 20:53:40; 51,700; 22,30; 984,03; 246,16;  22,500
2022-01-06 20:53:50; 51,800; 22,30; 984,12; 245,39;  22,500
2022-01-06 20:53:50; 51,800; 22,30; 984,12; 245,39;  22,500
2022-01-06 20:54:00; 51,700; 22,30; 984,03; 246,16;  22,500
2022-01-06 20:54:00; 51,700; 22,30; 984,09; 245,65;  22,500
2022-01-06 20:54:10; 51,700; 22,30; 984,15; 245,14;  22,400
2022-01-06 20:54:10; 51,700; 22,30; 984,09; 245,65;  22,400
2022-01-06 20:54:20; 51,800; 22,30; 984,09; 245,65;  22,500
2022-01-06 20:54:20; 51,800; 22,30; 984,03; 246,16;  22,500
2022-01-06 20:54:30; 51,800; 22,30; 984,15; 245,14;  22,500
2022-01-06 20:54:30; 51,800; 22,40; 984,22; 244,54;  22,500
2022-01-06 20:54:40; 51,900; 22,40; 984,15; 245,14;  22,500
2022-01-06 20:54:40; 51,900; 22,40; 984,12; 245,39;  22,500
2022-01-06 20:54:50; 51,800; 22,40; 984,09; 245,65;  22,400
2022-01-06 20:54:50; 51,800; 22,40; 984,25; 244,29;  22,400
2022-01-06 20:55:00; 51,900; 22,40; 984,21; 244,63;  22,400
2022-01-06 20:55:00; 51,900; 22,40; 984,12; 245,39;  22,400
2022-01-06 20:55:10; 51,900; 22,40; 984,15; 245,14;  22,500
2022-01-06 20:55:10; 51,900; 22,40; 984,18; 244,88;  22,500
2022-01-06 20:55:20; 51,800; 22,40; 984,15; 245,14;  22,400
2022-01-06 20:55:20; 51,800; 22,40; 984,15; 245,14;  22,400
2022-01-06 20:55:30; 51,900; 22,40; 984,25; 244,29;  22,500
2022-01-06 20:55:30; 51,900; 22,40; 984,15; 245,14;  22,500
2022-01-06 20:55:40; 51,700; 22,40; 984,09; 245,65;  22,400
2022-01-06 20:55:40; 51,700; 22,40; 984,09; 245,65;  22,400
2022-01-06 20:55:50; 51,700; 22,40; 984,22; 244,54;  22,400
2022-01-06 20:55:50; 51,700; 22,40; 984,09; 245,65;  22,400
2022-01-06 20:56:00; 51,700; 22,40; 984,12; 245,39;  22,400
2022-01-06 20:56:00; 51,700; 22,40; 984,25; 244,29;  22,400
2022-01-06 20:56:10; 51,700; 22,30; 984,15; 245,14;  22,400
2022-01-06 20:56:10; 51,700; 22,40; 984,28; 244,03;  22,400
2022-01-06 20:56:20; 51,700; 22,30; 984,12; 245,39;  22,400
2022-01-06 20:56:20; 51,700; 22,30; 984,15; 245,14;  22,400
2022-01-06 20:56:30; 51,700; 22,30; 984,15; 245,14;  22,400
2022-01-06 20:56:30; 51,700; 22,30; 984,15; 245,14;  22,400
2022-01-06 20:56:40; 51,800; 22,30; 984,22; 244,54;  22,400
2022-01-06 20:56:40; 51,800; 22,30; 984,15; 245,14;  22,400
2022-01-06 20:56:50; 51,800; 22,30; 984,15; 245,14;  22,400
2022-01-06 20:56:50; 51,800; 22,30; 984,15; 245,14;  22,400
2022-01-06 20:57:00; 51,900; 22,30; 984,22; 244,54;  22,400
2022-01-06 20:57:00; 51,900; 22,30; 984,19; 244,80;  22,400
2022-01-06 20:57:10; 51,800; 22,30; 984,22; 244,54;  22,400
2022-01-06 20:57:10; 51,800; 22,30; 984,22; 244,54;  22,400
2022-01-06 20:57:20; 52,000; 22,30; 984,19; 244,80;  22,400
2022-01-06 20:57:20; 52,000; 22,30; 984,09; 245,65;  22,400
2022-01-06 20:57:30; 51,800; 22,30; 984,15; 245,14;  22,400
2022-01-06 20:57:30; 51,800; 22,30; 984,09; 245,65;  22,400
2022-01-06 20:57:40; 51,800; 22,30; 984,19; 244,80;  22,400
2022-01-06 20:57:40; 51,800; 22,30; 984,12; 245,39;  22,400
2022-01-06 20:57:50; 51,800; 22,30; 984,06; 245,91;  22,400
2022-01-06 20:57:50; 51,800; 22,30; 984,15; 245,14;  22,400
2022-01-06 20:58:00; 52,000; 22,30; 984,19; 244,80;  22,400
2022-01-06 20:58:00; 52,000; 22,30; 984,12; 245,39;  22,400
2022-01-06 20:58:10; 51,900; 22,30; 984,19; 244,80;  22,400
2022-01-06 20:58:10; 51,900; 22,30; 984,19; 244,80;  22,400
2022-01-06 20:58:20; 52,000; 22,30; 984,19; 244,80;  22,400
2022-01-06 20:58:20; 52,000; 22,30; 984,12; 245,39;  22,400
2022-01-06 20:58:30; 52,000; 22,30; 984,15; 245,14;  22,400
2022-01-06 20:58:30; 52,000; 22,30; 984,06; 245,91;  22,400
2022-01-06 20:58:40; 51,900; 22,30; 984,22; 244,54;  22,400
2022-01-06 20:58:40; 51,900; 22,30; 984,22; 244,54;  22,400
2022-01-06 20:58:50; 51,900; 22,30; 984,09; 245,65;  22,400
2022-01-06 20:58:50; 51,900; 22,30; 984,15; 245,14;  22,400
2022-01-06 20:59:00; 52,100; 22,40; 984,15; 245,14;  22,400
2022-01-06 20:59:00; 52,100; 22,30; 984,09; 245,65;  22,400
2022-01-06 20:59:10; 52,100; 22,30; 984,09; 245,65;  22,400
2022-01-06 20:59:10; 52,100; 22,30; 984,15; 245,14;  22,400
2022-01-06 20:59:20; 52,000; 22,30; 984,22; 244,54;  22,400
2022-01-06 20:59:20; 52,000; 22,30; 984,09; 245,65;  22,400
2022-01-06 20:59:30; 52,000; 22,30; 984,12; 245,39;  22,400
2022-01-06 20:59:30; 52,000; 22,30; 984,06; 245,91;  22,400
2022-01-06 20:59:40; 52,000; 22,30; 984,22; 244,54;  22,400
2022-01-06 20:59:40; 52,000; 22,30; 984,15; 245,14;  22,400
2022-01-06 20:59:50; 51,900; 22,30; 984,15; 245,14;  22,400
2022-01-06 20:59:50; 51,900; 22,30; 984,22; 244,54;  22,400
2022-01-06 21:00:00; 52,100; 22,30; 984,03; 246,16;  22,400
2022-01-06 21:00:00; 52,100; 22,30; 984,03; 246,16;  22,400
2022-01-06 21:00:10; 52,100; 22,30; 984,06; 245,91;  22,400
2022-01-06 21:00:10; 52,100; 22,30; 984,12; 245,39;  22,400
2022-01-06 21:00:20; 52,000; 22,30; 984,03; 246,16;  22,400
2022-01-06 21:00:20; 52,000; 22,30; 984,15; 245,14;  22,400
2022-01-06 21:00:30; 52,000; 22,30; 984,12; 245,39;  22,400
2022-01-06 21:00:30; 52,000; 22,30; 984,12; 245,39;  22,400
2022-01-06 21:00:40; 52,000; 22,30; 984,09; 245,65;  22,400
2022-01-06 21:00:40; 52,000; 22,30; 984,06; 245,91;  22,400
2022-01-06 21:00:50; 52,100; 22,30; 984,00; 246,42;  22,400
2022-01-06 21:00:50; 52,100; 22,30; 984,15; 245,14;  22,400
2022-01-06 21:01:00; 52,200; 22,30; 984,12; 245,39;  22,300
2022-01-06 21:01:00; 52,200; 22,30; 984,16; 245,05;  22,300
2022-01-06 21:01:10; 52,400; 22,30; 984,12; 245,39;  22,300
2022-01-06 21:01:10; 52,400; 22,30; 984,12; 245,39;  22,300
2022-01-06 21:01:20; 52,100; 22,30; 984,19; 244,80;  22,400
2022-01-06 21:01:20; 52,100; 22,30; 984,09; 245,65;  22,400
2022-01-06 21:01:30; 52,100; 22,30; 984,16; 245,05;  22,400
2022-01-06 21:01:30; 52,100; 22,30; 984,09; 245,65;  22,400
2022-01-06 21:01:40; 52,200; 22,30; 984,06; 245,91;  22,400
2022-01-06 21:01:40; 52,200; 22,30; 984,06; 245,91;  22,400
2022-01-06 21:01:50; 52,000; 22,30; 984,12; 245,39;  22,400
2022-01-06 21:01:50; 52,000; 22,30; 984,06; 245,91;  22,400
2022-01-06 21:02:00; 52,100; 22,30; 984,06; 245,91;  22,300
2022-01-06 21:02:00; 52,100; 22,30; 984,19; 244,80;  22,300
2022-01-06 21:02:10; 52,000; 22,30; 984,16; 245,05;  22,300
2022-01-06 21:02:10; 52,000; 22,30; 984,13; 245,31;  22,300
2022-01-06 21:02:20; 52,000; 22,30; 984,13; 245,31;  22,300
2022-01-06 21:02:20; 52,000; 22,30; 984,06; 245,91;  22,300
2022-01-06 21:02:30; 52,000; 22,30; 984,06; 245,91;  22,300
2022-01-06 21:02:30; 52,000; 22,20; 984,13; 245,31;  22,300
2022-01-06 21:02:40; 52,100; 22,30; 983,97; 246,67;  22,300
2022-01-06 21:02:40; 52,100; 22,30; 984,06; 245,91;  22,300
2022-01-06 21:02:50; 52,300; 22,30; 984,03; 246,16;  22,300
2022-01-06 21:02:50; 52,300; 22,30; 984,06; 245,91;  22,300
2022-01-06 21:03:00; 52,300; 22,30; 984,16; 245,05;  22,300
2022-01-06 21:03:00; 52,300; 22,30; 984,09; 245,65;  22,300
2022-01-06 21:03:10; 52,100; 22,30; 984,12; 245,39;  22,300
2022-01-06 21:03:10; 52,100; 22,30; 984,13; 245,31;  22,300
2022-01-06 21:03:20; 52,400; 22,30; 984,12; 245,39;  22,300
2022-01-06 21:03:20; 52,400; 22,30; 984,09; 245,65;  22,300
2022-01-06 21:03:30; 52,200; 22,30; 984,12; 245,39;  22,300
2022-01-06 21:03:30; 52,200; 22,30; 984,16; 245,05;  22,300
2022-01-06 21:03:40; 52,100; 22,30; 984,12; 245,39;  22,400
2022-01-06 21:03:40; 52,100; 22,30; 984,03; 246,16;  22,400
2022-01-06 21:03:50; 52,000; 22,30; 984,06; 245,91;  22,300
2022-01-06 21:03:50; 52,000; 22,30; 984,19; 244,80;  22,300
2022-01-06 21:04:00; 52,100; 22,20; 984,06; 245,91;  22,300
2022-01-06 21:04:00; 52,100; 22,30; 984,06; 245,91;  22,300
2022-01-06 21:04:10; 52,100; 22,30; 984,16; 245,05;  22,300
2022-01-06 21:04:10; 52,100; 22,30; 984,09; 245,65;  22,300
2022-01-06 21:04:20; 52,200; 22,20; 984,00; 246,42;  22,300
2022-01-06 21:04:20; 52,200; 22,20; 983,94; 246,93;  22,300
2022-01-06 21:04:30; 52,100; 22,30; 984,06; 245,91;  22,300
2022-01-06 21:04:30; 52,100; 22,20; 984,13; 245,31;  22,300
2022-01-06 21:04:40; 52,200; 22,20; 984,00; 246,42;  22,300
2022-01-06 21:04:40; 52,200; 22,20; 984,03; 246,16;  22,300
2022-01-06 21:04:50; 52,100; 22,20; 984,06; 245,91;  22,300
2022-01-06 21:04:50; 52,100; 22,20; 984,16; 245,05;  22,300
2022-01-06 21:05:00; 52,200; 22,20; 984,13; 245,31;  22,300
2022-01-06 21:05:00; 52,200; 22,20; 984,06; 245,91;  22,300
2022-01-06 21:05:10; 52,100; 22,20; 984,06; 245,91;  22,300
2022-01-06 21:05:10; 52,100; 22,20; 984,03; 246,16;  22,300
2022-01-06 21:05:20; 52,200; 22,20; 984,00; 246,42;  22,300
2022-01-06 21:05:20; 52,200; 22,20; 984,13; 245,31;  22,300
2022-01-06 21:05:30; 52,200; 22,20; 983,97; 246,67;  22,300
2022-01-06 21:05:30; 52,200; 22,20; 983,97; 246,67;  22,300
2022-01-06 21:05:40; 52,200; 22,20; 984,00; 246,42;  22,300
2022-01-06 21:05:40; 52,200; 22,20; 983,97; 246,67;  22,300
2022-01-06 21:05:50; 52,300; 22,20; 984,06; 245,91;  22,300
2022-01-06 21:05:50; 52,300; 22,20; 984,03; 246,16;  22,300
2022-01-06 21:06:00; 52,300; 22,20; 984,03; 246,16;  22,300
2022-01-06 21:06:00; 52,300; 22,20; 984,00; 246,42;  22,300
2022-01-06 21:06:10; 52,200; 22,20; 984,00; 246,42;  22,300
2022-01-06 21:06:10; 52,200; 22,20; 983,94; 246,93;  22,300
2022-01-06 21:06:20; 52,200; 22,20; 984,00; 246,42;  22,300
2022-01-06 21:06:20; 52,200; 22,20; 984,03; 246,16;  22,300
2022-01-06 21:06:30; 52,300; 22,20; 983,97; 246,67;  22,300
2022-01-06 21:06:30; 52,300; 22,20; 984,10; 245,57;  22,300
2022-01-06 21:06:40; 52,200; 22,20; 984,03; 246,16;  22,300
2022-01-06 21:06:40; 52,200; 22,20; 984,00; 246,42;  22,300
2022-01-06 21:06:50; 52,200; 22,20; 983,97; 246,67;  22,300
2022-01-06 21:06:50; 52,200; 22,20; 984,00; 246,42;  22,300
2022-01-06 21:07:00; 52,200; 22,20; 983,97; 246,67;  22,300
2022-01-06 21:07:00; 52,200; 22,20; 984,00; 246,42;  22,300
2022-01-06 21:07:10; 52,300; 22,20; 984,03; 246,16;  22,300
2022-01-06 21:07:10; 52,300; 22,20; 983,91; 247,18;  22,300
2022-01-06 21:07:20; 52,300; 22,20; 983,97; 246,67;  22,300
2022-01-06 21:07:20; 52,300; 22,20; 983,85; 247,70;  22,300
2022-01-06 21:07:30; 52,300; 22,20; 983,88; 247,44;  22,200
2022-01-06 21:07:30; 52,300; 22,20; 983,88; 247,44;  22,200
2022-01-06 21:07:40; 52,600; 22,20; 984,00; 246,42;  22,300
2022-01-06 21:07:40; 52,600; 22,20; 983,91; 247,18;  22,300
2022-01-06 21:07:50; 52,600; 22,20; 983,91; 247,18;  22,300
2022-01-06 21:07:50; 52,600; 22,20; 984,03; 246,16;  22,300
2022-01-06 21:08:00; 52,300; 22,20; 983,94; 246,93;  22,200
2022-01-06 21:08:00; 52,300; 22,20; 984,03; 246,16;  22,200
2022-01-06 21:08:10; 52,300; 22,20; 984,03; 246,16;  22,200
2022-01-06 21:08:10; 52,300; 22,20; 983,97; 246,67;  22,200
2022-01-06 21:08:20; 52,300; 22,20; 983,88; 247,44;  22,300
2022-01-06 21:08:20; 52,300; 22,20; 983,97; 246,67;  22,300
2022-01-06 21:08:30; 52,300; 22,20; 983,91; 247,18;  22,200
2022-01-06 21:08:30; 52,300; 22,20; 983,94; 246,93;  22,200
2022-01-06 21:08:40; 52,300; 22,20; 983,81; 248,04;  22,300
2022-01-06 21:08:40; 52,300; 22,20; 983,66; 249,32;  22,300
2022-01-06 21:08:50; 52,300; 22,20; 983,94; 246,93;  22,300
2022-01-06 21:08:50; 52,300; 22,30; 984,00; 246,42;  22,300
2022-01-06 21:09:00; 52,300; 22,30; 984,00; 246,42;  22,300
2022-01-06 21:09:00; 52,300; 22,20; 983,91; 247,18;  22,300
2022-01-06 21:09:10; 52,300; 22,20; 983,94; 246,93;  22,300
2022-01-06 21:09:10; 52,300; 22,20; 983,91; 247,18;  22,300
2022-01-06 21:09:20; 52,300; 22,30; 984,00; 246,42;  22,300
2022-01-06 21:09:20; 52,300; 22,20; 984,00; 246,42;  22,300
2022-01-06 21:09:30; 52,300; 22,20; 984,00; 246,42;  22,300
2022-01-06 21:09:30; 52,300; 22,20; 984,03; 246,16;  22,300
2022-01-06 21:09:40; 52,300; 22,20; 983,94; 246,93;  22,200
2022-01-06 21:09:40; 52,300; 22,20; 983,97; 246,67;  22,200
2022-01-06 21:09:50; 52,500; 22,20; 983,88; 247,44;  22,300
2022-01-06 21:09:50; 52,500; 22,20; 984,00; 246,42;  22,300
2022-01-06 21:10:00; 52,600; 22,30; 983,94; 246,93;  22,300
2022-01-06 21:10:00; 52,600; 22,30; 983,94; 246,93;  22,300
2022-01-06 21:10:10; 52,500; 22,30; 983,94; 246,93;  22,200
2022-01-06 21:10:10; 52,500; 22,30; 983,91; 247,18;  22,200
2022-01-06 21:10:20; 52,700; 22,30; 983,94; 246,93;  22,300
2022-01-06 21:10:20; 52,700; 22,30; 983,75; 248,55;  22,300
2022-01-06 21:10:30; 52,500; 22,30; 983,94; 246,93;  22,200
2022-01-06 21:10:30; 52,500; 22,30; 983,94; 246,93;  22,200
2022-01-06 21:10:40; 52,500; 22,20; 983,85; 247,70;  22,300
2022-01-06 21:10:40; 52,500; 22,20; 983,88; 247,44;  22,300
2022-01-06 21:10:50; 52,600; 22,20; 983,88; 247,44;  22,300
2022-01-06 21:10:50; 52,600; 22,30; 983,88; 247,44;  22,300
2022-01-06 21:11:00; 52,700; 22,30; 983,81; 248,04;  22,200
2022-01-06 21:11:00; 52,700; 22,30; 983,84; 247,78;  22,200
2022-01-06 21:11:10; 52,800; 22,30; 983,81; 248,04;  22,200
2022-01-06 21:11:10; 52,800; 22,30; 983,90; 247,27;  22,200
2022-01-06 21:11:20; 52,800; 22,30; 983,90; 247,27;  22,200
2022-01-06 21:11:20; 52,800; 22,30; 983,94; 246,93;  22,200
2022-01-06 21:11:30; 52,900; 22,40; 983,97; 246,67;  22,300
2022-01-06 21:11:30; 52,900; 22,40; 984,00; 246,42;  22,300
2022-01-06 21:11:40; 53,200; 22,40; 983,93; 247,02;  22,300
2022-01-06 21:11:40; 53,200; 22,40; 983,87; 247,53;  22,300
2022-01-06 21:11:50; 53,200; 22,40; 983,90; 247,27;  22,300
2022-01-06 21:11:50; 53,200; 22,40; 983,90; 247,27;  22,300
2022-01-06 21:12:00; 53,100; 22,30; 983,97; 246,67;  22,300
2022-01-06 21:12:00; 53,100; 22,30; 983,81; 248,04;  22,300
2022-01-06 21:12:10; 53,100; 22,30; 983,94; 246,93;  22,300
2022-01-06 21:12:10; 53,100; 22,30; 983,97; 246,67;  22,300
2022-01-06 21:12:20; 53,100; 22,30; 983,84; 247,78;  22,300
2022-01-06 21:12:20; 53,100; 22,30; 983,94; 246,93;  22,300
2022-01-06 21:12:30; 53,100; 22,30; 983,94; 246,93;  22,300
2022-01-06 21:12:30; 53,100; 22,30; 983,87; 247,53;  22,300
2022-01-06 21:12:40; 53,000; 22,30; 983,97; 246,67;  22,200
2022-01-06 21:12:40; 53,000; 22,30; 984,06; 245,91;  22,200
2022-01-06 21:12:50; 53,000; 22,30; 983,94; 246,93;  22,300
2022-01-06 21:12:50; 53,000; 22,30; 983,94; 246,93;  22,300
2022-01-06 21:13:00; 53,000; 22,30; 983,84; 247,78;  22,300
2022-01-06 21:13:00; 53,000; 22,30; 983,94; 246,93;  22,300
2022-01-06 21:13:10; 53,400; 22,30; 983,81; 248,04;  22,300
2022-01-06 21:13:10; 53,400; 22,30; 983,84; 247,78;  22,300
2022-01-06 21:13:20; 53,100; 22,30; 983,88; 247,44;  22,300
2022-01-06 21:13:20; 53,100; 22,30; 983,78; 248,29;  22,300
2022-01-06 21:13:30; 53,100; 22,30; 983,94; 246,93;  22,300
2022-01-06 21:13:30; 53,100; 22,30; 983,84; 247,78;  22,300
2022-01-06 21:13:40; 53,000; 22,30; 983,91; 247,18;  22,300
2022-01-06 21:13:40; 53,000; 22,30; 983,91; 247,18;  22,300
2022-01-06 21:13:50; 53,000; 22,30; 984,00; 246,42;  22,300
2022-01-06 21:13:50; 53,000; 22,30; 984,00; 246,42;  22,300
2022-01-06 21:14:00; 52,900; 22,30; 983,91; 247,18;  22,300
2022-01-06 21:14:00; 52,900; 22,30; 983,97; 246,67;  22,300
2022-01-06 21:14:10; 52,800; 22,30; 983,91; 247,18;  22,200
2022-01-06 21:14:10; 52,800; 22,30; 984,00; 246,42;  22,200
2022-01-06 21:14:20; 52,800; 22,30; 983,94; 246,93;  22,300
2022-01-06 21:14:20; 52,800; 22,30; 983,97; 246,67;  22,300
2022-01-06 21:14:30; 52,900; 22,30; 983,88; 247,44;  22,300
2022-01-06 21:14:30; 52,900; 22,30; 983,85; 247,70;  22,300
2022-01-06 21:14:40; 52,900; 22,30; 983,91; 247,18;  22,300
2022-01-06 21:14:40; 52,900; 22,30; 983,91; 247,18;  22,300
2022-01-06 21:14:50; 52,800; 22,30; 983,91; 247,18;  22,200
2022-01-06 21:14:50; 52,800; 22,30; 983,85; 247,70;  22,200
2022-01-06 21:15:00; 52,900; 22,30; 983,85; 247,70;  22,300
2022-01-06 21:15:00; 52,900; 22,30; 983,94; 246,93;  22,300
2022-01-06 21:15:10; 52,800; 22,30; 983,85; 247,70;  22,300
2022-01-06 21:15:20; 52,700; 22,30; 983,88; 247,44;  22,200
2022-01-06 21:15:20; 52,700; 22,20; 983,88; 247,44;  22,200
2022-01-06 21:15:30; 52,800; 22,20; 983,91; 247,18;  22,200
2022-01-06 21:15:30; 52,800; 22,20; 983,94; 246,93;  22,200
2022-01-06 21:15:40; 52,900; 22,20; 983,88; 247,44;  22,300
2022-01-06 21:15:40; 52,900; 22,30; 984,00; 246,42;  22,300
2022-01-06 21:15:50; 52,900; 22,20; 983,81; 248,04;  22,300
2022-01-06 21:15:50; 52,900; 22,20; 983,85; 247,70;  22,300
2022-01-06 21:16:00; 52,900; 22,20; 983,94; 246,93;  22,300
2022-01-06 21:16:00; 52,900; 22,20; 983,88; 247,44;  22,300
2022-01-06 21:16:10; 52,800; 22,20; 984,00; 246,42;  22,300
2022-01-06 21:16:10; 52,800; 22,20; 983,97; 246,67;  22,300
2022-01-06 21:16:20; 52,700; 22,20; 984,00; 246,42;  22,200
2022-01-06 21:16:20; 52,700; 22,20; 983,88; 247,44;  22,200
2022-01-06 21:16:30; 52,900; 22,20; 984,00; 246,42;  22,300
2022-01-06 21:16:30; 52,900; 22,20; 983,88; 247,44;  22,300
2022-01-06 21:16:40; 52,800; 22,20; 983,97; 246,67;  22,200
2022-01-06 21:16:40; 52,800; 22,20; 983,91; 247,18;  22,200
2022-01-06 21:16:50; 52,800; 22,20; 983,94; 246,93;  22,200
2022-01-06 21:16:50; 52,800; 22,20; 983,88; 247,44;  22,200
2022-01-06 21:17:00; 52,900; 22,20; 983,91; 247,18;  22,200
2022-01-06 21:17:00; 52,900; 22,20; 983,91; 247,18;  22,200
2022-01-06 21:17:10; 52,900; 22,20; 983,94; 246,93;  22,200
2022-01-06 21:17:10; 52,900; 22,20; 983,94; 246,93;  22,200
2022-01-06 21:17:20; 53,000; 22,20; 983,88; 247,44;  22,200
2022-01-06 21:17:20; 53,000; 22,20; 984,00; 246,42;  22,200
2022-01-06 21:17:30; 53,000; 22,20; 984,00; 246,42;  22,300
2022-01-06 21:17:30; 53,000; 22,20; 983,91; 247,18;  22,300
2022-01-06 21:17:40; 52,900; 22,20; 983,94; 246,93;  22,200
2022-01-06 21:17:40; 52,900; 22,20; 984,00; 246,42;  22,200
2022-01-06 21:17:50; 53,000; 22,20; 984,00; 246,42;  22,300
2022-01-06 21:17:50; 53,000; 22,20; 984,00; 246,42;  22,300
2022-01-06 21:18:00; 53,000; 22,20; 983,97; 246,67;  22,300
2022-01-06 21:18:00; 53,000; 22,20; 983,97; 246,67;  22,300
2022-01-06 21:18:10; 52,900; 22,20; 984,03; 246,16;  22,200
2022-01-06 21:18:10; 52,900; 22,20; 984,00; 246,42;  22,200
2022-01-06 21:18:20; 52,900; 22,20; 984,00; 246,42;  22,200
2022-01-06 21:18:20; 52,900; 22,20; 984,09; 245,65;  22,200
2022-01-06 21:18:30; 52,800; 22,20; 983,94; 246,93;  22,200
2022-01-06 21:18:30; 52,800; 22,20; 984,03; 246,16;  22,200
2022-01-06 21:18:40; 52,800; 22,20; 984,06; 245,91;  22,200
2022-01-06 21:18:40; 52,800; 22,20; 983,94; 246,93;  22,200
2022-01-06 21:18:50; 52,800; 22,20; 983,94; 246,93;  22,200
2022-01-06 21:18:50; 52,800; 22,20; 984,06; 245,91;  22,200
2022-01-06 21:19:00; 52,800; 22,20; 983,94; 246,93;  22,200
2022-01-06 21:19:00; 52,800; 22,20; 983,94; 246,93;  22,200
2022-01-06 00:00:00; 52,500; 22,40; 984,43; 242,75;  22,300
2022-01-06 00:00:00; 53,200; 22,40; 984,40; 243,01;  22,300
2022-01-06 00:00:00; 53,200; 22,40; 984,28; 244,03;  22,300
2022-01-06 00:00:00; 53,100; 22,40; 984,40; 243,01;  22,300
2022-01-06 00:00:00; 53,100; 22,40; 984,40; 243,01;  22,300
2022-01-06 00:00:00; 53,100; 22,40; 984,37; 243,26;  22,300
2022-01-06 00:00:00; 53,100; 22,40; 984,34; 243,52;  22,300
2022-01-06 00:00:00; 53,100; 22,40; 984,34; 243,52;  22,300
2022-01-06 00:00:00; 53,100; 22,40; 984,50; 242,16;  22,300
2022-01-06 00:00:00; 53,100; 22,40; 984,40; 243,01;  22,300
2022-01-06 00:00:00; 53,100; 22,40; 984,40; 243,01;  22,300
2022-01-06 00:00:00; 53,100; 22,40; 984,43; 242,75;  22,300
2022-01-06 00:00:00; 53,100; 22,40; 984,43; 242,75;  22,300
2022-01-06 00:00:00; 53,100; 22,40; 984,53; 241,90;  22,300
2022-01-06 00:00:00; 53,100; 22,40; 984,46; 242,50;  22,300
2022-01-06 00:00:00; 53,100; 22,40; 984,34; 243,52;  22,300
2022-01-06 00:00:00; 53,100; 22,40; 984,40; 243,01;  22,300
2022-01-06 00:00:00; 53,100; 22,40; 984,34; 243,52;  22,300
2022-01-06 00:00:00; 53,100; 22,40; 984,31; 243,78;  22,300
2022-01-06 00:00:00; 53,100; 22,40; 984,50; 242,16;  22,300
2022-01-06 00:00:00; 53,100; 22,40; 984,40; 243,01;  22,300
2022-01-06 00:00:00; 53,100; 22,40; 984,34; 243,52;  22,300
